32

31

30

30

31

32

33

34

35

35

36

36

35

34

33

36

15

15

15

15

15

15

14

14

14

15

14

14

11

9

9

9

9

9

8

10

12

15

21

21

16

12

9

9

11

14

10

11

15

20

23

25

25

23

18

15

14

13

14

13

14

13

20

20

21

24

25

25

24

21

18

18

20

18

22

27

27

24

21

18

17

18

17

13

11

10

2

0

0

0

0

0

0

0

3

7

8

13

15

17

19

19

20

20

17

15

19

18

12

5

4

4

4

5

9

11

13

14

18

15

12

13

14

16

15

13

9

16

22

21

13

9

10

12

7

5

2

2

2

0

0

0

0

0

0

0

0

0

0

0

0

1

1

1

1

1

1

1

2

2

2

2

2

2

2

0

76

100

80

52

70

75

72

91

88

93

98

93

84

80

72

55

15

10

6

2

0

0

0

0

0

0

0

0

0

0

0

0

0

0

0

0

0

0

0

0

0

0

0

0

0

0

0

0

0

0

0

0

0

0

0

0

1

1

1

1

1

1

1

1

0

0

0

0

0

0

0

0

0

0

0

0

0

0

0

0

0

0

0

0

0

0

0

0

0

0

0

0

0

0

0

0

0

0

0

0

0

0

0

0

0

0

0

0

0

0

0

0

0

0

0

0

0

0

0

0

0

0

0

0

0

0

0

0

0

0

0

0

0

0

0

0

3

2

1

1

2

3

5

6

7

9

8

7

6

5

5

4

8

7

8

12

23

41

60

73

95

94

83

70

68

68

67

70

67

66

68

69

67

72

73

66

68

74

78

74

70

69

70

70

76

74

72

70

70

71

73

73

68

70

67

64

69

70

70

72

75

75

75

76

78

79

77

75

68

71

73

79

84

79

71

73

75

72

75

81

83

81

81

85

77

79

80

75

68

63

63

65

59

60

62

64

62

61

65

71

63

65

71

75

76

75

80

88

94

92

90

90

93

96

97

96

88

85

88

85

81

82

86

83

85

82

79

79

83

83

80

77

76

71

72

69

