-4.793570
-4.850921
-5.008093
-5.028899
-4.891583
-4.967397
-4.940987
-4.923698
-4.942077
-4.901492
-4.846429
-4.641318
-4.770418
-4.883428
-4.899412
-4.943039
-4.879598
-4.828111
-4.600033
-4.689895
-4.867339
-5.044177
-4.996530
-4.714119
-4.577639
-4.397958
-4.448179
-4.729335
-5.266515
-5.181379
-4.834686
-4.658061
-4.482722
-4.613163
-4.759089
-5.222670
-5.132358
-4.813118
-4.683044
-4.542905
-4.745959
-4.842204
-4.919750
-4.842358
-4.612206
-4.565052
-4.559687
-4.735803
-4.880163
-4.853167
-4.843456
-4.699714
-4.667056
-4.644958
-4.738037
-4.877471
-4.910511
-4.886961
-4.794600
-4.817603
-4.743735
-4.775274
-4.846935
-4.734310
-4.772026
-4.964061
-5.025444
-4.903225
-4.959151
-4.937004
