-4.822289
-4.787784
-4.920888
-4.939008
-4.894622
-4.983520
-4.980336
-4.889506
-4.790779
-4.712245
-4.637054
-4.827076
-4.929188
-4.858182
-4.759330
-4.713671
-4.623427
-4.790952
-5.167159
-4.948311
-4.594967
-4.424317
-4.392269
-4.706993
-5.379651
-5.179173
-4.736333
-4.479359
-4.501422
-4.759750
-5.152791
-4.913325
-4.546227
-4.431827
-4.527704
-4.811330
-4.859453
-4.736377
-4.646899
-4.682144
-4.729091
-4.843298
-4.950963
-4.812280
-4.667521
-4.668282
-4.660118
-4.791021
-4.795306
-4.790939
-4.923613
-4.972962
-4.895204
-4.952490
