-4.822817
-4.849867
-4.973095
-4.988273
-4.922210
-4.987840
-4.929252
-4.919070
-4.911296
-4.889471
-4.854849
-4.708115
-4.794663
-4.844039
-4.917319
-4.960078
-4.915289
-4.817739
-4.581935
-4.672657
-4.817201
-5.044063
-4.984683
-4.721670
-4.584097
-4.436022
-4.421504
-4.677518
-5.272020
-5.170458
-4.857344
-4.652308
-4.384885
-4.542218
-4.725975
-5.266386
-5.152278
-4.868904
-4.745255
-4.547823
-4.713698
-4.809510
-4.987593
-4.904542
-4.662780
-4.588924
-4.521183
-4.645919
-4.794281
-4.830951
-4.800741
-4.712198
-4.665204
-4.686143
-4.802909
-4.853386
-4.944211
-4.911704
-4.715788
-4.686739
-4.670943
-4.725772
-4.814416
-4.758750
-4.773286
-4.962485
-5.047388
-4.940347
-4.984077
-4.921254
