-0.006383
-0.013036
-0.006973
0.004203
0.017744
0.023614
0.017097
0.008063
-0.005305
-0.026677
-0.005551
0.022848
0.013636
-0.004476
0.000993
-0.003303
-0.022357
-0.026003
-0.011578
0.001925
0.002564
-0.009552
-0.021278
-0.020673
0.001268
-0.021882
-0.020550
-0.012957
-0.010102
-0.014798
-0.016825
-0.015298
-0.005078
-0.010008
-0.014605
-0.037332
-0.023967
-0.013036
0.004112
0.006034
-0.009589
-0.000009
0.009522
0.019682
0.012556
0.006979
0.008432
0.006175
-0.001734
0.012774
-0.001734
0.004366
0.038915
0.024595
0.001642
0.004642
-0.014069
-0.002406
0.026056
0.037216
0.049308
0.014588
-0.008377
-0.012244
-0.021515
-0.015724
0.010751
0.008740
0.026479
0.005332
-0.020558
-0.031638
-0.009650
-0.011721
-0.010343
-0.007268
0.008982
-0.010962
-0.017821
-0.006387
-0.012350
-0.005781
-0.009324
-0.015789
0.005591
0.004308
0.006114
0.015188
-0.010028
-0.006140
-0.001292
0.001294
0.016070
0.001604
0.000179
0.005070
0.015797
0.023027
-0.013314
-0.010541
0.022954
0.006289
-0.018308
0.003639
0.012390
0.004798
0.016187
0.012090
0.030299
-0.000716
-0.006618
-0.016736
-0.009961
-0.006060
0.004017
-0.006612
0.038979
0.008894
-0.010192
-0.024580
-0.014027
-0.002947
-0.004699
-0.018589
0.003178
-0.011458
0.005064
0.009472
-0.016719
-0.009249
-0.007865
-0.009260
0.017061
0.008263
0.008458
0.026471
-0.008841
-0.011695
-0.006223
-0.005488
0.024044
0.020901
0.006075
0.018198
0.019382
0.005202
-0.020926
-0.025431
0.003868
0.000882
-0.023763
-0.007573
0.045523
-0.000838
-0.009253
-0.006553
0.010385
-0.005104
-0.008358
-0.012443
0.028686
0.009859
-0.000431
-0.005392
0.035901
0.013048
0.003522
-0.018260
0.002162
-0.002346
-0.000624
-0.011205
0.008093
0.008450
0.011887
0.009436
-0.007732
-0.001609
0.004967
-0.002089
0.028084
0.019848
0.002578
0.022703
-0.006949
-0.010269
-0.000114
-0.005759
0.019234
0.016956
-0.000185
0.010275
-0.000762
-0.010011
-0.015950
-0.016354
-0.006333
-0.007703
-0.007827
0.003869
0.005779
-0.032177
-0.009484
-0.009710
0.001696
-0.009437
-0.013159
-0.011086
0.027344
0.020404
0.016317
0.003276
0.012997
0.013605
0.002830
-0.005654
0.007442
0.009220
0.013499
-0.012618
0.011576
0.006964
0.022685
0.018764
-0.012315
-0.029093
-0.009227
-0.003556
0.022101
0.017211
0.016508
-0.001830
0.001162
-0.018370
-0.015333
-0.011351
0.000734
-0.007993
0.008466
0.003471
0.001162
-0.018370
-0.015333
-0.011351
0.000734
-0.007993
0.008466
0.003471
-0.012315
-0.029093
-0.009227
-0.003556
0.022101
0.017211
0.016508
-0.001830
0.007442
0.009220
0.013499
-0.012618
0.011576
0.006964
0.022685
0.018764
0.027344
0.020404
0.016317
0.003276
0.012997
0.013605
0.002830
-0.005654
0.005779
-0.032177
-0.009484
-0.009710
0.001696
-0.009437
-0.013159
-0.011086
-0.000762
-0.010011
-0.015950
-0.016354
-0.006333
-0.007703
-0.007827
0.003869
-0.006949
-0.010269
-0.000114
-0.005759
0.019234
0.016956
-0.000185
0.010275
-0.007732
-0.001609
0.004967
-0.002089
0.028084
0.019848
0.002578
0.022703
0.002162
-0.002346
-0.000624
-0.011205
0.008093
0.008450
0.011887
0.009436
0.028686
0.009859
-0.000431
-0.005392
0.035901
0.013048
0.003522
-0.018260
0.045523
-0.000838
-0.009253
-0.006553
0.010385
-0.005104
-0.008358
-0.012443
0.019382
0.005202
-0.020926
-0.025431
0.003868
0.000882
-0.023763
-0.007573
-0.008841
-0.011695
-0.006223
-0.005488
0.024044
0.020901
0.006075
0.018198
-0.016719
-0.009249
-0.007865
-0.009260
0.017061
0.008263
0.008458
0.026471
-0.014027
-0.002947
-0.004699
-0.018589
0.003178
-0.011458
0.005064
0.009472
-0.009961
-0.006060
0.004017
-0.006612
0.038979
0.008894
-0.010192
-0.024580
0.012390
0.004798
0.016187
0.012090
0.030299
-0.000716
-0.006618
-0.016736
0.015797
0.023027
-0.013314
-0.010541
0.022954
0.006289
-0.018308
0.003639
-0.010028
-0.006140
-0.001292
0.001294
0.016070
0.001604
0.000179
0.005070
-0.012350
-0.005781
-0.009324
-0.015789
0.005591
0.004308
0.006114
0.015188
-0.009650
-0.011721
-0.010343
-0.007268
0.008982
-0.010962
-0.017821
-0.006387
-0.021515
-0.015724
0.010751
0.008740
0.026479
0.005332
-0.020558
-0.031638
-0.014069
-0.002406
0.026056
0.037216
0.049308
0.014588
-0.008377
-0.012244
-0.001734
0.012774
-0.001734
0.004366
0.038915
0.024595
0.001642
0.004642
-0.009589
-0.000009
0.009522
0.019682
0.012556
0.006979
0.008432
0.006175
-0.005078
-0.010008
-0.014605
-0.037332
-0.023967
-0.013036
0.004112
0.006034
0.001268
-0.021882
-0.020550
-0.012957
-0.010102
-0.014798
-0.016825
-0.015298
-0.022357
-0.026003
-0.011578
0.001925
0.002564
-0.009552
-0.021278
-0.020673
-0.005305
-0.026677
-0.005551
0.022848
0.013636
-0.004476
0.000993
-0.003303
-0.006383
-0.013036
-0.006973
0.004203
0.017744
0.023614
0.017097
0.008063
-0.017282
0.035267
0.051465
0.028733
0.011847
0.004428
-0.015056
0.010749
-0.006748
0.017415
0.010006
-0.011604
-0.000926
0.000240
-0.010903
-0.012843
-0.003452
-0.005737
-0.007498
-0.006418
-0.008066
-0.013470
-0.008280
-0.016260
-0.009805
-0.011521
-0.009574
-0.005004
-0.017100
-0.020520
0.002976
0.003873
-0.014033
-0.017338
-0.007861
0.008562
-0.022685
-0.012498
0.016718
0.015715
-0.007368
-0.004692
-0.004298
-0.000217
-0.010804
0.008000
0.030980
0.012080
-0.002833
0.034414
0.024956
0.013637
-0.004036
-0.014274
-0.004482
0.026400
0.029168
0.027381
-0.009172
-0.011903
0.008241
-0.005292
-0.009181
-0.006382
0.000961
-0.009445
-0.032582
-0.009946
-0.007399
-0.008403
0.009241
0.003670
-0.001826
0.002792
-0.011354
-0.012204
-0.007451
-0.000202
-0.001572
0.005610
-0.015172
-0.004440
-0.000481
0.005045
-0.017154
-0.005800
-0.000784
0.018887
-0.014862
-0.005017
-0.000453
0.000583
-0.012411
0.004809
0.010878
-0.009908
-0.002214
0.033478
0.024554
0.008668
-0.003036
-0.009060
-0.005542
-0.001663
0.067931
0.059136
0.004106
0.013278
0.003465
0.003649
0.004609
-0.008818
0.030668
0.027304
-0.008102
0.002915
0.006429
0.004505
0.023863
0.017666
-0.000829
0.017631
-0.010384
0.002364
0.021795
0.018087
-0.000253
0.018948
-0.008499
-0.001261
-0.019012
0.001963
0.000371
-0.001994
0.002919
0.002653
-0.009939
-0.003543
-0.011603
0.005791
-0.005042
-0.014961
0.002896
-0.029888
0.001734
0.004106
0.016245
0.001414
-0.013925
-0.016334
-0.015006
-0.009297
0.045139
0.021673
0.000682
-0.001704
0.002357
0.015093
-0.004517
-0.015504
0.047846
0.013468
-0.017109
0.005750
0.011994
0.028439
0.013876
0.011190
0.036937
-0.001390
-0.015703
0.013224
0.026149
0.015982
-0.004343
-0.002455
0.002067
-0.014209
-0.008772
0.009630
0.014765
0.006079
-0.002069
-0.012388
0.002668
0.001337
0.006863
0.004807
-0.011340
-0.018806
-0.011102
-0.003252
0.002668
0.001337
0.006863
0.004807
-0.011340
-0.018806
-0.011102
-0.003252
0.002067
-0.014209
-0.008772
0.009630
0.014765
0.006079
-0.002069
-0.012388
0.036937
-0.001390
-0.015703
0.013224
0.026149
0.015982
-0.004343
-0.002455
0.047846
0.013468
-0.017109
0.005750
0.011994
0.028439
0.013876
0.011190
0.045139
0.021673
0.000682
-0.001704
0.002357
0.015093
-0.004517
-0.015504
0.001734
0.004106
0.016245
0.001414
-0.013925
-0.016334
-0.015006
-0.009297
-0.009939
-0.003543
-0.011603
0.005791
-0.005042
-0.014961
0.002896
-0.029888
-0.008499
-0.001261
-0.019012
0.001963
0.000371
-0.001994
0.002919
0.002653
-0.000829
0.017631
-0.010384
0.002364
0.021795
0.018087
-0.000253
0.018948
0.030668
0.027304
-0.008102
0.002915
0.006429
0.004505
0.023863
0.017666
0.067931
0.059136
0.004106
0.013278
0.003465
0.003649
0.004609
-0.008818
-0.002214
0.033478
0.024554
0.008668
-0.003036
-0.009060
-0.005542
-0.001663
-0.014862
-0.005017
-0.000453
0.000583
-0.012411
0.004809
0.010878
-0.009908
-0.015172
-0.004440
-0.000481
0.005045
-0.017154
-0.005800
-0.000784
0.018887
-0.001826
0.002792
-0.011354
-0.012204
-0.007451
-0.000202
-0.001572
0.005610
0.000961
-0.009445
-0.032582
-0.009946
-0.007399
-0.008403
0.009241
0.003670
0.029168
0.027381
-0.009172
-0.011903
0.008241
-0.005292
-0.009181
-0.006382
-0.002833
0.034414
0.024956
0.013637
-0.004036
-0.014274
-0.004482
0.026400
-0.007368
-0.004692
-0.004298
-0.000217
-0.010804
0.008000
0.030980
0.012080
-0.014033
-0.017338
-0.007861
0.008562
-0.022685
-0.012498
0.016718
0.015715
-0.009805
-0.011521
-0.009574
-0.005004
-0.017100
-0.020520
0.002976
0.003873
-0.003452
-0.005737
-0.007498
-0.006418
-0.008066
-0.013470
-0.008280
-0.016260
-0.006748
0.017415
0.010006
-0.011604
-0.000926
0.000240
-0.010903
-0.012843
-0.017282
0.035267
0.051465
0.028733
0.011847
0.004428
-0.015056
0.010749
-0.004349
0.001161
0.017186
0.028485
0.026900
0.028780
0.021851
0.013274
-0.008097
-0.024301
-0.004134
0.000629
0.000474
-0.006846
0.014630
0.010138
-0.018580
-0.039838
-0.022627
-0.006380
-0.002275
-0.017626
-0.022996
-0.023560
-0.018580
-0.039838
-0.022627
-0.006380
-0.002275
-0.017626
-0.022996
-0.023560
-0.008097
-0.024301
-0.004134
0.000629
0.000474
-0.006846
0.014630
0.010138
-0.004349
0.001161
0.017186
0.028485
0.026900
0.028780
0.021851
0.013274
-0.011503
0.054869
0.036771
0.027572
0.041623
0.021158
-0.001683
0.015703
-0.018810
0.018525
0.030880
0.018861
0.033069
0.012917
-0.008587
-0.018046
-0.020039
-0.017137
0.000904
0.005588
0.015583
-0.004400
-0.019002
-0.038354
-0.015721
-0.020193
-0.016242
-0.008483
-0.001150
-0.023780
-0.010148
-0.002201
-0.023528
-0.020537
-0.009977
-0.001819
-0.012212
-0.005373
0.020258
0.027714
-0.015142
-0.011601
-0.002110
0.007534
0.007829
0.012477
0.023481
0.012316
0.022217
0.040252
0.017487
0.007830
0.024566
-0.002215
-0.015483
0.027897
0.045981
0.031691
0.007176
-0.004778
0.032627
-0.001541
-0.007027
-0.016348
-0.005484
-0.005492
-0.017074
-0.010243
0.037173
0.003103
0.001995
-0.013576
-0.011663
0.001569
-0.011799
-0.023076
-0.003112
-0.005258
0.011459
0.014507
-0.030543
-0.012660
-0.007143
-0.001972
-0.002113
0.006771
0.018460
0.037447
-0.022822
-0.016657
-0.004888
-0.000478
0.011011
0.021412
0.022759
0.010531
0.008921
0.019334
0.002365
-0.009892
0.003871
-0.008582
-0.027780
-0.002128
0.072379
0.047965
-0.000716
0.011039
0.016387
0.000112
-0.006672
-0.018832
0.046547
0.034215
-0.003241
0.002132
0.041035
0.022317
0.025651
-0.001108
0.002166
0.015263
-0.008918
-0.005729
0.030183
0.027366
0.016853
0.020544
-0.014540
-0.003348
-0.013404
0.003451
0.030445
0.024891
0.010658
0.017248
-0.018961
-0.012195
-0.009738
0.001013
0.015741
0.000268
0.003694
-0.016740
0.007493
-0.004450
0.002791
-0.012333
-0.017106
-0.022094
-0.013760
-0.003311
0.052127
0.000317
-0.001515
-0.008260
0.016908
0.003547
-0.011655
-0.019271
0.051344
0.029726
0.005341
0.017068
0.023753
0.020000
0.013577
0.005842
0.036908
0.015086
0.004399
0.006598
0.030233
0.013291
0.013601
0.020729
0.003551
-0.030989
-0.005625
0.010063
0.044173
0.027177
0.019790
-0.009528
0.005213
-0.016522
-0.004773
-0.003901
-0.007371
-0.020464
0.002937
-0.000312
0.005213
-0.016522
-0.004773
-0.003901
-0.007371
-0.020464
0.002937
-0.000312
0.003551
-0.030989
-0.005625
0.010063
0.044173
0.027177
0.019790
-0.009528
0.036908
0.015086
0.004399
0.006598
0.030233
0.013291
0.013601
0.020729
0.051344
0.029726
0.005341
0.017068
0.023753
0.020000
0.013577
0.005842
0.052127
0.000317
-0.001515
-0.008260
0.016908
0.003547
-0.011655
-0.019271
0.007493
-0.004450
0.002791
-0.012333
-0.017106
-0.022094
-0.013760
-0.003311
-0.018961
-0.012195
-0.009738
0.001013
0.015741
0.000268
0.003694
-0.016740
-0.014540
-0.003348
-0.013404
0.003451
0.030445
0.024891
0.010658
0.017248
0.002166
0.015263
-0.008918
-0.005729
0.030183
0.027366
0.016853
0.020544
0.046547
0.034215
-0.003241
0.002132
0.041035
0.022317
0.025651
-0.001108
0.072379
0.047965
-0.000716
0.011039
0.016387
0.000112
-0.006672
-0.018832
0.008921
0.019334
0.002365
-0.009892
0.003871
-0.008582
-0.027780
-0.002128
-0.022822
-0.016657
-0.004888
-0.000478
0.011011
0.021412
0.022759
0.010531
-0.030543
-0.012660
-0.007143
-0.001972
-0.002113
0.006771
0.018460
0.037447
-0.011663
0.001569
-0.011799
-0.023076
-0.003112
-0.005258
0.011459
0.014507
-0.005484
-0.005492
-0.017074
-0.010243
0.037173
0.003103
0.001995
-0.013576
0.045981
0.031691
0.007176
-0.004778
0.032627
-0.001541
-0.007027
-0.016348
0.022217
0.040252
0.017487
0.007830
0.024566
-0.002215
-0.015483
0.027897
-0.015142
-0.011601
-0.002110
0.007534
0.007829
0.012477
0.023481
0.012316
-0.023528
-0.020537
-0.009977
-0.001819
-0.012212
-0.005373
0.020258
0.027714
-0.015721
-0.020193
-0.016242
-0.008483
-0.001150
-0.023780
-0.010148
-0.002201
-0.020039
-0.017137
0.000904
0.005588
0.015583
-0.004400
-0.019002
-0.038354
-0.018810
0.018525
0.030880
0.018861
0.033069
0.012917
-0.008587
-0.018046
-0.011503
0.054869
0.036771
0.027572
0.041623
0.021158
-0.001683
0.015703
-0.013873
0.012118
0.005738
0.003804
0.005476
0.004422
0.003057
0.009974
0.011879
0.009032
-0.002364
-0.007151
0.013268
0.011940
0.012517
0.013061
0.016449
0.009783
-0.014678
-0.024596
0.012676
0.010780
0.015891
0.007930
0.014144
0.009159
-0.012460
-0.012955
0.018637
0.012851
0.002356
-0.005900
0.010917
0.002750
-0.010627
-0.004540
0.008455
0.001282
-0.000998
-0.007894
-0.003085
0.005856
0.002281
0.001239
0.008852
0.001921
0.001813
0.009222
-0.010276
0.003401
0.006335
0.005363
0.018865
0.003050
-0.003630
0.004259
0.005663
-0.012073
-0.003671
0.010715
0.024003
0.002995
-0.000073
0.004099
0.005419
-0.013239
-0.015294
0.001464
0.020467
-0.007187
-0.011419
-0.002798
0.006363
-0.012347
-0.012227
0.003080
0.026001
-0.000444
-0.009268
-0.019303
0.013957
-0.011345
-0.006251
0.001510
0.021509
-0.001639
-0.011897
-0.012060
-0.000127
0.010126
0.002330
-0.001903
0.014437
0.004714
-0.008134
0.000610
-0.003085
0.005856
0.002281
0.001239
0.008852
0.001921
0.001813
0.009222
0.010917
0.002750
-0.010627
-0.004540
0.008455
0.001282
-0.000998
-0.007894
0.014144
0.009159
-0.012460
-0.012955
0.018637
0.012851
0.002356
-0.005900
0.016449
0.009783
-0.014678
-0.024596
0.012676
0.010780
0.015891
0.007930
0.011879
0.009032
-0.002364
-0.007151
0.013268
0.011940
0.012517
0.013061
-0.013873
0.012118
0.005738
0.003804
0.005476
0.004422
0.003057
0.009974
-0.000127
0.010126
0.002330
-0.001903
0.014437
0.004714
-0.008134
0.000610
0.013957
-0.011345
-0.006251
0.001510
0.021509
-0.001639
-0.011897
-0.012060
0.006363
-0.012347
-0.012227
0.003080
0.026001
-0.000444
-0.009268
-0.019303
0.005419
-0.013239
-0.015294
0.001464
0.020467
-0.007187
-0.011419
-0.002798
0.005663
-0.012073
-0.003671
0.010715
0.024003
0.002995
-0.000073
0.004099
-0.010276
0.003401
0.006335
0.005363
0.018865
0.003050
-0.003630
0.004259
