0.011951
0.018529
0.007866
0.006866
0.011079
0.026472
0.013375
0.007176
0.010857
0.018191
0.015269
0.005933
0.003358
-0.025528
-0.022186
-0.009472
0.018185
0.034100
0.030870
0.000832
-0.033822
-0.049943
-0.027296
-0.006516
-0.006385
0.022537
0.028439
0.033012
0.011306
0.002698
-0.003880
-0.025350
-0.008250
-0.014528
-0.010790
-0.008323
-0.002868
0.005911
0.010845
0.000493
-0.016814
-0.006664
0.009115
-0.011065
-0.016138
-0.011880
0.004444
-0.006229
0.008824
0.017887
0.022724
0.020662
-0.001444
-0.032180
-0.029180
-0.015053
-0.012651
-0.014295
0.001612
0.006602
-0.000855
-0.003320
0.003140
0.021773
0.010634
0.006241
-0.001277
-0.012874
-0.000017
0.005627
0.008819
0.009799
-0.011342
-0.017299
-0.020075
-0.014370
-0.010602
0.030768
0.038366
0.016411
-0.008131
-0.011311
-0.004545
-0.018997
-0.002930
0.017986
0.014228
-0.005512
-0.000754
0.005741
-0.000337
-0.029076
-0.027689
-0.024651
-0.016681
-0.009345
0.004356
0.028430
0.031981
0.022296
0.010669
-0.015451
-0.031090
-0.033820
-0.009892
-0.002712
0.004690
0.000197
-0.009326
-0.013354
-0.008452
-0.000750
-0.025232
-0.006236
0.008440
0.006193
-0.012034
-0.003524
0.001290
-0.001193
-0.016818
-0.005979
-0.007302
-0.006211
-0.014230
-0.006495
0.004065
-0.001412
-0.007882
-0.012567
-0.027211
-0.013070
-0.009501
-0.006444
0.012732
0.011263
-0.000740
0.002387
-0.011950
-0.020188
-0.012904
-0.015745
-0.000819
0.002252
-0.020290
-0.013280
-0.008135
-0.007189
0.015840
0.032462
0.025111
0.022357
-0.015080
-0.002449
-0.006024
-0.014924
0.013539
0.025886
0.004098
0.000511
-0.007117
0.004461
-0.012471
-0.027749
-0.016589
-0.010633
-0.000512
-0.000183
0.002018
0.009985
0.005032
0.004012
0.004858
-0.008650
-0.016994
-0.012028
-0.005651
-0.003467
0.007948
-0.000936
-0.003557
-0.007909
-0.002247
0.001088
-0.025316
-0.014433
0.029298
0.022305
0.007924
0.000212
0.002887
0.009466
-0.016375
-0.012528
0.002386
-0.003442
-0.003626
-0.000749
0.002962
-0.007903
-0.002366
-0.003151
-0.005339
0.000584
-0.000078
-0.013704
-0.021052
-0.020606
0.001061
0.004807
-0.001714
0.001319
0.003138
-0.000567
-0.005688
0.007359
0.002423
-0.009854
-0.005830
0.007834
0.010663
0.002846
-0.012649
-0.009714
-0.010677
-0.008937
-0.004081
0.008571
0.048107
0.008587
-0.015312
-0.008891
-0.000570
-0.002330
-0.012975
0.018428
0.017948
-0.006297
-0.006964
-0.010650
0.029410
-0.006472
-0.002581
0.006231
-0.001488
-0.003237
-0.006507
-0.010403
0.013015
0.001839
0.008756
-0.000812
0.007293
0.000347
0.000175
0.006336
-0.010624
-0.007318
0.014661
0.018424
0.018516
-0.001880
0.013644
0.008933
-0.017859
-0.009173
-0.004893
0.002898
0.001741
-0.005127
-0.003217
-0.006459
-0.002446
-0.003629
0.003620
0.000034
-0.002536
-0.009300
-0.010029
-0.021276
0.013530
0.001904
-0.002229
-0.001808
0.000212
0.002063
-0.005598
-0.005410
0.003173
0.008340
0.003695
0.014191
0.002708
0.004574
-0.004476
0.000941
-0.011467
-0.000614
0.008882
0.005638
0.021121
-0.001442
-0.016618
-0.018041
-0.004186
-0.009008
-0.013985
0.013957
0.015509
-0.002689
-0.010852
-0.018322
0.021432
-0.001616
-0.003608
-0.003041
-0.012395
-0.008476
-0.007122
-0.005658
0.020633
0.001795
0.005654
-0.002580
-0.011241
-0.010093
-0.007660
-0.004477
-0.004530
-0.011093
0.004788
0.003476
-0.013444
-0.009226
-0.000078
-0.007305
-0.006401
-0.015932
-0.014697
0.013562
0.005272
-0.001534
-0.007695
-0.020888
-0.009405
-0.002407
0.006078
0.010293
0.001759
-0.000501
-0.016154
-0.026224
0.012814
-0.003602
-0.002762
0.014595
-0.000618
0.004797
-0.007067
-0.008625
0.012814
-0.003602
-0.002762
0.014595
-0.000618
0.004797
-0.007067
-0.008625
-0.009405
-0.002407
0.006078
0.010293
0.001759
-0.000501
-0.016154
-0.026224
-0.006401
-0.015932
-0.014697
0.013562
0.005272
-0.001534
-0.007695
-0.020888
-0.004530
-0.011093
0.004788
0.003476
-0.013444
-0.009226
-0.000078
-0.007305
0.021743
0.007006
0.005098
-0.004318
-0.006690
-0.005894
-0.002263
0.000212
0.021432
-0.001616
-0.003608
-0.003041
-0.012395
-0.008476
-0.007122
-0.005658
-0.004186
-0.009008
-0.013985
0.013957
0.015509
-0.002689
-0.010852
-0.018322
-0.011467
-0.000614
0.008882
0.005638
0.021121
-0.001442
-0.016618
-0.018041
0.003173
0.008340
0.003695
0.014191
0.002708
0.004574
-0.004476
0.000941
0.013530
0.001904
-0.002229
-0.001808
0.000212
0.002063
-0.005598
-0.005410
-0.002446
-0.003629
0.003620
0.000034
-0.002536
-0.009300
-0.010029
-0.021276
-0.017859
-0.009173
-0.004893
0.002898
0.001741
-0.005127
-0.003217
-0.006459
-0.010624
-0.007318
0.014661
0.018424
0.018516
-0.001880
0.013644
0.008933
0.009240
-0.006100
-0.002036
-0.004832
0.016282
0.005098
0.002015
0.005730
0.029410
-0.006472
-0.002581
0.006231
-0.001488
-0.003237
-0.006507
-0.010403
-0.000570
-0.002330
-0.012975
0.018428
0.017948
-0.006297
-0.006964
-0.010650
-0.010677
-0.008937
-0.004081
0.008571
0.048107
0.008587
-0.015312
-0.008891
0.002423
-0.009854
-0.005830
0.007834
0.010663
0.002846
-0.012649
-0.009714
0.001061
0.004807
-0.001714
0.001319
0.003138
-0.000567
-0.005688
0.007359
-0.002366
-0.003151
-0.005339
0.000584
-0.000078
-0.013704
-0.021052
-0.020606
-0.016375
-0.012528
0.002386
-0.003442
-0.003626
-0.000749
0.002962
-0.007903
-0.025316
-0.014433
0.029298
0.022305
0.007924
0.000212
0.002887
0.009466
-0.008228
0.000344
0.009990
0.000178
0.008582
0.009080
-0.001664
0.001715
0.002018
0.009985
0.005032
0.004012
0.004858
-0.008650
-0.016994
-0.012028
-0.007117
0.004461
-0.012471
-0.027749
-0.016589
-0.010633
-0.000512
-0.000183
-0.015080
-0.002449
-0.006024
-0.014924
0.013539
0.025886
0.004098
0.000511
-0.020290
-0.013280
-0.008135
-0.007189
0.015840
0.032462
0.025111
0.022357
-0.000740
0.002387
-0.011950
-0.020188
-0.012904
-0.015745
-0.000819
0.002252
-0.007882
-0.012567
-0.027211
-0.013070
-0.009501
-0.006444
0.012732
0.011263
-0.016818
-0.005979
-0.007302
-0.006211
-0.014230
-0.006495
0.004065
-0.001412
-0.025232
-0.006236
0.008440
0.006193
-0.012034
-0.003524
0.001290
-0.001193
-0.008666
0.007913
0.010083
0.006542
0.000589
-0.003780
-0.002900
0.003486
0.004356
0.028430
0.031981
0.022296
0.010669
-0.015451
-0.031090
-0.033820
-0.000754
0.005741
-0.000337
-0.029076
-0.027689
-0.024651
-0.016681
-0.009345
-0.008131
-0.011311
-0.004545
-0.018997
-0.002930
0.017986
0.014228
-0.005512
-0.011342
-0.017299
-0.020075
-0.014370
-0.010602
0.030768
0.038366
0.016411
0.010634
0.006241
-0.001277
-0.012874
-0.000017
0.005627
0.008819
0.009799
-0.012651
-0.014295
0.001612
0.006602
-0.000855
-0.003320
0.003140
0.021773
0.008824
0.017887
0.022724
0.020662
-0.001444
-0.032180
-0.029180
-0.015053
-0.016814
-0.006664
0.009115
-0.011065
-0.016138
-0.011880
0.004444
-0.006229
-0.012795
0.000513
0.001247
0.001351
0.003387
0.000834
0.008609
0.012617
-0.006385
0.022537
0.028439
0.033012
0.011306
0.002698
-0.003880
-0.025350
0.018185
0.034100
0.030870
0.000832
-0.033822
-0.049943
-0.027296
-0.006516
0.010857
0.018191
0.015269
0.005933
0.003358
-0.025528
-0.022186
-0.009472
0.011951
0.018529
0.007866
0.006866
0.011079
0.026472
0.013375
0.007176
0.004728
0.002571
-0.002870
-0.017017
-0.011676
0.030425
0.022985
0.011081
-0.018883
-0.009794
0.004096
-0.009740
-0.007747
0.033017
0.029987
0.026388
-0.015833
0.011813
-0.008806
-0.001953
0.007424
-0.011894
-0.015390
0.002465
0.008625
0.026494
0.008825
-0.000242
0.012640
-0.007144
0.003639
0.003853
-0.004522
0.008252
0.002726
0.008490
0.020692
0.018910
0.014922
0.009956
-0.017856
-0.003717
0.012256
0.045019
0.024316
0.024852
0.003822
0.013423
0.001068
0.001733
0.007043
0.000918
-0.024540
-0.010917
0.009882
0.031823
-0.000551
0.003315
0.007123
0.006960
0.000899
0.002810
0.010857
0.019539
-0.016056
-0.000568
0.002808
-0.004295
-0.009234
0.002010
-0.008855
-0.019089
-0.006171
-0.001736
0.005219
-0.016740
-0.008888
0.004412
0.003039
-0.000653
-0.013248
-0.012676
-0.017793
-0.015192
-0.000806
0.017354
0.014866
0.015238
0.003695
0.002199
-0.025499
-0.004723
0.020766
-0.002464
-0.009304
0.008197
0.037752
0.006192
-0.018625
0.030141
0.025657
-0.014571
-0.010233
0.001018
0.002741
0.009868
0.001770
0.014664
0.011148
0.001130
0.005808
0.000290
-0.018417
-0.000060
0.005652
0.025238
0.008756
0.013409
0.003482
0.004004
-0.010110
-0.003958
0.008457
-0.009758
-0.014625
-0.003753
0.016553
0.009072
-0.009685
-0.003502
0.011102
0.004572
0.008888
0.001606
0.004421
-0.003243
-0.008828
-0.000772
0.005044
-0.002614
0.000745
-0.011609
-0.019295
-0.014512
-0.006105
0.007837
0.002000
-0.013402
0.003852
0.005210
0.007694
0.003647
-0.006024
0.000415
-0.008375
-0.004013
0.045574
0.031707
0.003670
0.013013
0.005846
-0.000379
-0.019973
0.008252
0.064391
0.023261
-0.006029
-0.006037
0.054597
0.008845
-0.010603
0.011020
0.007148
-0.010250
-0.008108
-0.005475
0.005367
0.004694
-0.002802
0.002022
-0.006936
-0.008404
-0.002906
-0.006175
-0.024131
0.000915
-0.012338
0.000289
0.000570
0.001501
0.004907
-0.000920
-0.015414
-0.013091
0.004468
-0.003934
-0.006260
-0.004865
0.010405
-0.004214
-0.014015
0.002566
0.007204
0.012204
0.011028
-0.010877
-0.000119
-0.003444
-0.009092
0.010952
0.008218
0.004379
-0.000571
-0.014082
-0.000434
-0.008787
0.000784
0.004831
-0.003846
-0.012554
-0.018812
-0.002884
0.011544
0.017054
-0.000961
-0.006160
-0.004167
-0.004445
0.015315
0.004268
-0.006067
0.003799
-0.006376
-0.014486
-0.003098
-0.005330
0.023264
-0.007425
-0.009601
-0.004172
0.029713
-0.010689
-0.017785
-0.006755
-0.022105
-0.022544
-0.004811
-0.006372
0.014141
-0.000111
-0.014466
-0.008410
-0.029404
-0.010478
-0.005193
0.003047
-0.011117
-0.007626
-0.008029
-0.018008
-0.032742
-0.014554
-0.010604
-0.003067
-0.004131
0.004550
0.015157
-0.013058
-0.017836
-0.021416
-0.004717
-0.006766
-0.004795
0.009328
-0.007261
-0.018920
-0.024785
-0.013213
-0.002655
-0.008207
-0.005314
-0.001512
0.002427
-0.014274
-0.022117
-0.015803
0.009249
0.008581
-0.005314
-0.001512
0.002427
-0.014274
-0.022117
-0.015803
0.009249
0.008581
-0.004795
0.009328
-0.007261
-0.018920
-0.024785
-0.013213
-0.002655
-0.008207
-0.004131
0.004550
0.015157
-0.013058
-0.017836
-0.021416
-0.004717
-0.006766
-0.011117
-0.007626
-0.008029
-0.018008
-0.032742
-0.014554
-0.010604
-0.003067
0.014642
0.000847
-0.004582
-0.006478
-0.023878
-0.004998
-0.000428
0.000378
0.029713
-0.010689
-0.017785
-0.006755
-0.022105
-0.022544
-0.004811
-0.006372
-0.006376
-0.014486
-0.003098
-0.005330
0.023264
-0.007425
-0.009601
-0.004172
-0.000961
-0.006160
-0.004167
-0.004445
0.015315
0.004268
-0.006067
0.003799
0.000784
0.004831
-0.003846
-0.012554
-0.018812
-0.002884
0.011544
0.017054
-0.009092
0.010952
0.008218
0.004379
-0.000571
-0.014082
-0.000434
-0.008787
-0.014015
0.002566
0.007204
0.012204
0.011028
-0.010877
-0.000119
-0.003444
-0.015414
-0.013091
0.004468
-0.003934
-0.006260
-0.004865
0.010405
-0.004214
-0.024131
0.000915
-0.012338
0.000289
0.000570
0.001501
0.004907
-0.000920
0.010685
0.010006
0.000914
0.003961
-0.002442
-0.002500
0.002910
-0.002243
0.054597
0.008845
-0.010603
0.011020
0.007148
-0.010250
-0.008108
-0.005475
0.005846
-0.000379
-0.019973
0.008252
0.064391
0.023261
-0.006029
-0.006037
-0.006024
0.000415
-0.008375
-0.004013
0.045574
0.031707
0.003670
0.013013
-0.006105
0.007837
0.002000
-0.013402
0.003852
0.005210
0.007694
0.003647
-0.008828
-0.000772
0.005044
-0.002614
0.000745
-0.011609
-0.019295
-0.014512
-0.009685
-0.003502
0.011102
0.004572
0.008888
0.001606
0.004421
-0.003243
-0.010110
-0.003958
0.008457
-0.009758
-0.014625
-0.003753
0.016553
0.009072
-0.018417
-0.000060
0.005652
0.025238
0.008756
0.013409
0.003482
0.004004
-0.001051
-0.002700
-0.004226
0.001281
0.007869
0.007816
0.007243
0.007746
0.037752
0.006192
-0.018625
0.030141
0.025657
-0.014571
-0.010233
0.001018
0.003695
0.002199
-0.025499
-0.004723
0.020766
-0.002464
-0.009304
0.008197
-0.013248
-0.012676
-0.017793
-0.015192
-0.000806
0.017354
0.014866
0.015238
-0.006171
-0.001736
0.005219
-0.016740
-0.008888
0.004412
0.003039
-0.000653
-0.016056
-0.000568
0.002808
-0.004295
-0.009234
0.002010
-0.008855
-0.019089
-0.000551
0.003315
0.007123
0.006960
0.000899
0.002810
0.010857
0.019539
0.001068
0.001733
0.007043
0.000918
-0.024540
-0.010917
0.009882
0.031823
-0.017856
-0.003717
0.012256
0.045019
0.024316
0.024852
0.003822
0.013423
-0.005296
-0.001205
-0.003605
-0.006656
0.009115
0.018217
0.009812
0.006706
0.008625
0.026494
0.008825
-0.000242
0.012640
-0.007144
0.003639
0.003853
-0.015833
0.011813
-0.008806
-0.001953
0.007424
-0.011894
-0.015390
0.002465
-0.018883
-0.009794
0.004096
-0.009740
-0.007747
0.033017
0.029987
0.026388
0.004728
0.002571
-0.002870
-0.017017
-0.011676
0.030425
0.022985
0.011081
0.015658
0.013450
0.007660
-0.000722
0.011890
0.022809
0.017114
0.025502
-0.002266
0.005073
0.012370
0.016847
0.004892
0.002241
0.015907
0.030236
0.015871
0.037336
0.024664
0.019604
-0.013860
-0.036043
-0.013534
0.006378
-0.007385
0.017619
0.017520
0.024896
0.016355
0.015518
0.012340
-0.008437
-0.014846
-0.002448
-0.004976
-0.003025
0.004426
0.007720
0.004036
-0.000154
-0.007385
0.017619
0.017520
0.024896
0.016355
0.015518
0.012340
-0.008437
0.015871
0.037336
0.024664
0.019604
-0.013860
-0.036043
-0.013534
0.006378
-0.002266
0.005073
0.012370
0.016847
0.004892
0.002241
0.015907
0.030236
0.015658
0.013450
0.007660
-0.000722
0.011890
0.022809
0.017114
0.025502
-0.004112
-0.004664
-0.014430
-0.023757
-0.013926
0.054187
0.055033
0.038823
-0.018611
-0.009237
0.004854
-0.022197
-0.000557
0.035801
0.031448
0.019435
-0.005910
0.026844
0.001491
-0.010678
-0.012866
-0.026968
-0.024982
-0.005226
0.015038
0.034042
0.024286
0.024795
0.021556
-0.015038
-0.024445
-0.023621
-0.011411
0.004218
0.004104
0.006001
0.011539
0.005973
-0.000202
0.001831
-0.039946
-0.004984
0.029401
0.043418
0.012872
0.019618
0.002766
0.021053
-0.011895
0.002054
0.003154
0.002912
-0.029872
-0.018102
0.004868
0.025208
-0.004544
-0.002956
-0.013340
0.000862
-0.002025
-0.005592
0.013322
0.013477
-0.017282
0.000001
-0.003906
-0.017889
-0.015335
-0.011348
-0.004853
-0.018799
-0.015755
-0.014329
-0.002459
-0.019260
0.004380
0.040540
0.033783
0.016581
-0.021736
-0.009592
-0.014973
-0.024445
0.026411
0.045216
0.011755
0.005557
0.002913
0.010274
-0.025103
-0.015424
0.014935
-0.007056
-0.015190
-0.005750
0.048591
0.025763
-0.003468
0.037077
0.029375
-0.017909
-0.025873
-0.013854
-0.000733
0.005163
0.010044
0.015049
0.005613
-0.002087
0.002666
0.000218
-0.039832
-0.010613
0.035318
0.044868
0.012908
0.008355
-0.004581
0.010366
-0.024239
-0.012255
0.014210
-0.008034
-0.015745
-0.004657
0.012140
0.002426
-0.007408
-0.001639
0.004955
0.004148
0.004769
-0.006585
-0.013825
-0.016010
0.000471
0.006883
0.008806
0.004339
-0.000428
-0.006140
-0.020872
-0.012275
-0.007055
-0.002626
0.002539
-0.001852
0.013560
0.005587
-0.004943
-0.005158
-0.018649
-0.008654
-0.008022
0.006376
0.078657
0.028941
-0.010530
-0.002176
-0.004592
0.000149
-0.028434
0.032884
0.067469
0.016622
-0.012420
-0.017042
0.054729
0.004322
-0.013076
0.022723
0.004409
-0.013106
-0.010499
-0.018404
0.012771
0.006873
0.007231
0.003994
-0.000875
-0.010518
-0.002732
0.000718
-0.032757
-0.005832
0.008093
0.016090
0.009798
-0.005964
0.009977
0.007288
-0.031827
-0.019666
-0.001082
-0.001950
-0.003550
-0.008607
0.001569
-0.008000
-0.013810
0.000788
0.010345
0.008500
0.006611
-0.018080
-0.011407
-0.021128
0.005978
0.009731
0.009851
0.005682
-0.004034
-0.011430
-0.006516
-0.014082
0.012790
0.021129
0.004598
0.001079
-0.002890
-0.003749
0.003592
0.012041
-0.009555
-0.005234
0.000700
0.001609
0.030793
0.008017
-0.019925
-0.011732
-0.003556
-0.020537
-0.013812
0.011417
0.031523
-0.009298
-0.019999
-0.020774
0.039238
-0.007119
-0.021964
-0.005417
-0.024661
-0.025356
-0.012769
-0.013342
0.024768
0.003808
-0.003552
-0.010957
-0.030653
-0.018485
-0.013762
-0.005118
-0.007759
-0.015024
0.000943
-0.004287
-0.034441
-0.017262
-0.012685
-0.009915
-0.014218
-0.011770
-0.003590
0.004190
-0.005270
-0.019127
-0.015181
-0.022058
-0.010599
-0.000986
-0.004667
-0.007513
-0.019025
-0.010957
-0.018732
-0.028394
0.013529
0.000393
0.008237
0.002273
-0.011696
-0.007500
0.000513
-0.000897
0.013529
0.000393
0.008237
0.002273
-0.011696
-0.007500
0.000513
-0.000897
-0.010599
-0.000986
-0.004667
-0.007513
-0.019025
-0.010957
-0.018732
-0.028394
-0.014218
-0.011770
-0.003590
0.004190
-0.005270
-0.019127
-0.015181
-0.022058
-0.007759
-0.015024
0.000943
-0.004287
-0.034441
-0.017262
-0.012685
-0.009915
0.027221
0.008912
0.003943
-0.011820
-0.021765
-0.007331
-0.000621
-0.002898
0.039238
-0.007119
-0.021964
-0.005417
-0.024661
-0.025356
-0.012769
-0.013342
-0.003556
-0.020537
-0.013812
0.011417
0.031523
-0.009298
-0.019999
-0.020774
-0.009555
-0.005234
0.000700
0.001609
0.030793
0.008017
-0.019925
-0.011732
0.012790
0.021129
0.004598
0.001079
-0.002890
-0.003749
0.003592
0.012041
0.005978
0.009731
0.009851
0.005682
-0.004034
-0.011430
-0.006516
-0.014082
-0.013810
0.000788
0.010345
0.008500
0.006611
-0.018080
-0.011407
-0.021128
-0.031827
-0.019666
-0.001082
-0.001950
-0.003550
-0.008607
0.001569
-0.008000
-0.032757
-0.005832
0.008093
0.016090
0.009798
-0.005964
0.009977
0.007288
0.013800
0.003993
0.001913
0.003184
0.011066
-0.000173
0.003884
0.001603
0.054729
0.004322
-0.013076
0.022723
0.004409
-0.013106
-0.010499
-0.018404
-0.004592
0.000149
-0.028434
0.032884
0.067469
0.016622
-0.012420
-0.017042
-0.018649
-0.008654
-0.008022
0.006376
0.078657
0.028941
-0.010530
-0.002176
-0.007055
-0.002626
0.002539
-0.001852
0.013560
0.005587
-0.004943
-0.005158
0.000471
0.006883
0.008806
0.004339
-0.000428
-0.006140
-0.020872
-0.012275
-0.007408
-0.001639
0.004955
0.004148
0.004769
-0.006585
-0.013825
-0.016010
-0.024239
-0.012255
0.014210
-0.008034
-0.015745
-0.004657
0.012140
0.002426
-0.039832
-0.010613
0.035318
0.044868
0.012908
0.008355
-0.004581
0.010366
-0.001888
0.000770
0.005901
0.005119
0.017138
0.016842
0.007733
0.004922
0.048591
0.025763
-0.003468
0.037077
0.029375
-0.017909
-0.025873
-0.013854
0.002913
0.010274
-0.025103
-0.015424
0.014935
-0.007056
-0.015190
-0.005750
-0.021736
-0.009592
-0.014973
-0.024445
0.026411
0.045216
0.011755
0.005557
-0.015755
-0.014329
-0.002459
-0.019260
0.004380
0.040540
0.033783
0.016581
-0.017282
0.000001
-0.003906
-0.017889
-0.015335
-0.011348
-0.004853
-0.018799
-0.004544
-0.002956
-0.013340
0.000862
-0.002025
-0.005592
0.013322
0.013477
-0.011895
0.002054
0.003154
0.002912
-0.029872
-0.018102
0.004868
0.025208
-0.039946
-0.004984
0.029401
0.043418
0.012872
0.019618
0.002766
0.021053
-0.011008
0.006032
0.005051
0.001751
0.012375
0.013612
0.002001
0.002909
0.015038
0.034042
0.024286
0.024795
0.021556
-0.015038
-0.024445
-0.023621
-0.005910
0.026844
0.001491
-0.010678
-0.012866
-0.026968
-0.024982
-0.005226
-0.018611
-0.009237
0.004854
-0.022197
-0.000557
0.035801
0.031448
0.019435
-0.004112
-0.004664
-0.014430
-0.023757
-0.013926
0.054187
0.055033
0.038823
0.002783
-0.001568
-0.000992
-0.014598
-0.009128
0.013146
0.016984
0.003925
-0.015778
-0.010579
-0.003692
-0.007718
0.022058
0.024257
0.012509
0.014474
-0.011960
-0.009250
-0.008235
-0.004190
0.012738
-0.005886
-0.006188
0.011946
0.005069
0.001178
0.012959
0.036803
0.027899
0.000465
-0.010596
0.003396
0.007628
0.004624
0.006953
0.005871
0.007689
0.003278
0.002243
0.011610
0.007386
0.003399
0.011678
0.020361
0.002749
-0.007736
-0.005791
-0.000108
0.001465
0.007679
0.005782
0.002039
0.001744
-0.020328
-0.017352
-0.017183
-0.007811
-0.001404
0.004371
-0.006899
0.007640
-0.002999
-0.009591
-0.020668
0.002904
0.004252
-0.003302
-0.018978
-0.012036
0.005016
0.004558
-0.005334
-0.006660
0.001551
-0.008361
-0.004294
-0.003603
0.014828
0.011285
0.016954
-0.023442
-0.012416
-0.009846
-0.007411
0.010035
0.010682
0.006539
0.010372
-0.016967
-0.005128
-0.013786
-0.013389
-0.009343
-0.027218
-0.007927
-0.008515
-0.000463
0.003523
0.006905
0.018422
-0.003580
-0.009829
-0.003796
-0.022881
0.002156
0.003861
0.002695
-0.002930
-0.005234
-0.000626
0.005220
-0.002571
0.000964
0.004851
0.008489
0.013294
-0.016692
-0.024721
-0.008719
-0.016762
-0.012289
0.004635
0.000716
0.003413
-0.007187
-0.031312
-0.017357
-0.017532
-0.017745
-0.002790
-0.000170
0.004157
0.016999
-0.004178
-0.015205
-0.010491
-0.009795
0.005089
0.001619
-0.003680
0.002516
0.009895
0.002668
0.003249
0.002904
0.004252
-0.003302
-0.018978
-0.012036
0.005016
0.004558
-0.005334
-0.007811
-0.001404
0.004371
-0.006899
0.007640
-0.002999
-0.009591
-0.020668
0.001465
0.007679
0.005782
0.002039
0.001744
-0.020328
-0.017352
-0.017183
0.007386
0.003399
0.011678
0.020361
0.002749
-0.007736
-0.005791
-0.000108
0.007736
-0.001309
-0.000180
0.001461
0.003630
0.000745
0.003187
0.014567
0.005069
0.001178
0.012959
0.036803
0.027899
0.000465
-0.010596
0.003396
-0.011960
-0.009250
-0.008235
-0.004190
0.012738
-0.005886
-0.006188
0.011946
-0.015778
-0.010579
-0.003692
-0.007718
0.022058
0.024257
0.012509
0.014474
0.002783
-0.001568
-0.000992
-0.014598
-0.009128
0.013146
0.016984
0.003925
-0.009795
0.005089
0.001619
-0.003680
0.002516
0.009895
0.002668
0.003249
-0.017745
-0.002790
-0.000170
0.004157
0.016999
-0.004178
-0.015205
-0.010491
-0.012289
0.004635
0.000716
0.003413
-0.007187
-0.031312
-0.017357
-0.017532
0.000964
0.004851
0.008489
0.013294
-0.016692
-0.024721
-0.008719
-0.016762
0.005040
0.003314
-0.001753
-0.006598
-0.011452
-0.003428
0.002846
-0.001849
-0.000463
0.003523
0.006905
0.018422
-0.003580
-0.009829
-0.003796
-0.022881
-0.016967
-0.005128
-0.013786
-0.013389
-0.009343
-0.027218
-0.007927
-0.008515
-0.023442
-0.012416
-0.009846
-0.007411
0.010035
0.010682
0.006539
0.010372
-0.006660
0.001551
-0.008361
-0.004294
-0.003603
0.014828
0.011285
0.016954
