0.008182 0.018397 0.006911 0.028732 0.011651 0.015191 
 0.021026 0.021062 0.013610 0.033755 0.018764 0.001848 
 0.029383 0.000962 0.007023 0.019415 0.016575 -0.011292 
 0.026765 0.013601 0.005907 0.018770 0.034931 0.007681 
 0.028088 0.018512 0.005916 0.029509 0.035598 0.010690 
 0.015849 0.021639 0.002768 -0.001532 0.012648 0.005892 
 0.008520 0.010917 -0.005312 -0.002248 -0.004770 0.007974 
 0.020711 0.023626 0.006604 0.007138 -0.002222 0.013104 
 0.008712 0.001772 0.001074 -0.001154 -0.008034 0.000233 
 -0.004064 -0.003250 0.007320 -0.003954 -0.011018 0.003149 
 -0.005746 -0.017333 0.012915 0.012248 0.004882 0.014264 
 -0.002175 -0.003600 -0.005212 -0.006321 0.011818 0.022451 
 -0.006644 -0.012089 -0.011990 -0.003239 0.007229 -0.003801 
 -0.000965 0.007476 0.000899 -0.011251 -0.016975 -0.009140 
 -0.002491 -0.005613 -0.011583 -0.008984 -0.008908 0.006135 
 -0.004666 0.003506 0.012121 0.002877 -0.011700 0.002040 
 -0.010817 -0.006003 0.004868 -0.008422 -0.004419 -0.005595 
 -0.000644 -0.005180 0.001159 -0.000072 0.000504 0.005281 
 0.010711 -0.002675 0.003326 0.001234 0.002268 0.013132 
 0.012929 0.000596 -0.003118 -0.009691 -0.002316 0.006499 
 -0.008459 -0.018187 -0.012714 -0.007860 -0.003402 -0.009368 
 0.004234 0.004601 -0.004470 -0.010281 -0.002064 -0.005838 
 0.002422 -0.000736 -0.001712 -0.007500 -0.002581 -0.002380 
 -0.004825 -0.010087 -0.003535 -0.002512 0.004233 0.005841 
 0.004879 -0.006439 -0.005233 -0.011571 -0.009626 0.001341 
 0.001988 -0.008299 0.000799 0.000491 -0.000941 0.006383 
 -0.004423 -0.001624 -0.004411 -0.004891 0.004396 0.000424 
 -0.001552 0.003304 0.003496 -0.001688 -0.003950 -0.006067 
 -0.006235 -0.015686 -0.002799 0.004722 0.011885 -0.006052 
 0.002968 -0.001047 0.002388 0.000144 0.014606 -0.000813 
 0.014862 -0.000076 -0.008478 -0.000494 0.001970 -0.001589 
 -0.000723 0.002187 -0.003799 0.016118 0.014642 0.006555 
 0.023677 0.031487 0.018582 0.007577 0.007931 0.015653 
 -0.000402 0.001564 0.008862 0.006561 0.006776 0.010248 
 0.001535 -0.001362 -0.012159 0.004649 -0.004330 -0.006327 
 0.017455 0.007120 0.010575 0.004305 -0.005667 -0.010273 
 -0.005952 -0.019142 0.003987 0.005788 0.002028 -0.005178 
 0.011313 0.009964 0.002939 -0.002162 0.001721 -0.001863 
 -0.003019 0.001071 0.008734 0.014599 0.012312 -0.001851 
 0.002123 0.001228 0.007035 0.015621 0.019632 0.003533 
 0.025896 0.018055 0.011938 0.021547 0.017553 0.012978 
 0.014389 0.005031 0.009999 0.009769 0.001812 -0.005520 
 0.000683 0.005085 0.012972 0.005713 -0.005463 -0.010067 
 0.010318 0.010057 0.007086 -0.009444 -0.008156 -0.008837 
 0.007325 -0.002637 0.002111 -0.006370 -0.001612 -0.002369 
 0.010535 0.004331 -0.007219 -0.005111 -0.012316 -0.000632 
 -0.009648 0.005903 0.003088 0.006646 0.011569 0.010141 
 -0.005314 -0.000048 -0.001935 0.005966 0.007654 0.001668 
 0.012846 0.012197 -0.005543 -0.000870 -0.006681 -0.013159 
 -0.001188 0.013501 0.001659 0.004601 0.002632 -0.004273 
 0.003132 0.003182 0.001441 0.001936 -0.015724 -0.011710 
 0.005565 0.006899 0.005008 0.010873 0.001861 0.009944 
 -0.001607 -0.011855 0.014454 0.012681 0.003107 0.007017 
 0.003945 0.008974 -0.005792 -0.005952 -0.009483 0.003062 
 -0.016015 0.009736 0.001173 -0.012070 -0.005432 0.004811 
 -0.013718 -0.001851 -0.000162 0.005851 0.003573 0.003330 
 0.014151 0.001752 -0.013403 -0.005102 -0.020666 -0.015875 
 0.006792 0.006267 0.012483 0.006301 -0.012265 -0.014366 
 -0.000915 0.010628 0.003991 0.004799 -0.016017 -0.011819 
 0.002977 0.011437 -0.002880 0.006556 -0.004551 0.009518 
 -0.011949 -0.003912 -0.001886 -0.013972 -0.009285 0.011801 
 -0.004806 -0.003997 -0.003294 -0.006233 -0.015990 0.008104 
 -0.007820 -0.007690 -0.005648 -0.011182 -0.004187 0.010321 
 -0.015246 -0.011806 -0.002602 0.005601 0.005640 -0.001793 
 0.005058 -0.002162 -0.012015 -0.003729 -0.018762 -0.017486 
 0.000399 0.006658 0.005757 0.010426 -0.006556 -0.013409 
 -0.002393 0.003056 0.001409 -0.004721 -0.015902 -0.010141 
 -0.003776 0.012110 -0.000834 -0.004261 -0.004000 0.007918 
 -0.008264 -0.011527 -0.008810 -0.003823 -0.014050 0.007640 
 -0.013686 -0.016244 -0.009182 -0.009065 -0.020387 0.013746 
 -0.001935 -0.020519 -0.006003 0.005638 -0.001692 0.009740 
 -0.000252 -0.006274 0.001919 0.010369 0.007801 0.004026 
 0.008479 0.000884 0.014296 0.019274 0.001261 -0.016976 
 0.014294 0.005937 -0.004349 0.013427 0.007648 -0.002608 
 0.013108 0.008910 0.002586 0.006741 0.014022 0.009041 
 -0.008324 0.017316 0.010116 0.010659 0.016166 0.019500 
 0.003741 0.022479 0.017231 0.015591 0.015238 0.036351 
 0.029545 0.015945 0.012351 0.007553 0.009460 0.037553 
 0.009120 0.011800 0.007856 0.011573 0.001981 0.005895 
 0.009788 -0.004994 0.011758 0.012133 0.004915 -0.002874 
 -0.011174 -0.004787 -0.004332 -0.021713 -0.021148 -0.007235 
 0.005733 -0.005039 -0.010290 -0.011105 -0.021958 0.021256 
 -0.013976 -0.013452 -0.014222 -0.010705 -0.013581 0.031514 
 -0.022357 -0.013930 -0.009882 -0.004045 -0.009551 0.031265 
 -0.006276 0.002779 -0.002129 -0.001528 -0.012938 0.017619 
 -0.007285 -0.007340 0.005053 0.001501 0.005824 0.024657 
 -0.011732 -0.007423 -0.004261 -0.004821 0.010060 -0.004248 
 -0.006746 -0.004810 -0.022061 -0.006341 -0.001013 0.026974 
 -0.001976 0.005579 0.000920 -0.010741 -0.012283 0.000372 
 -0.006328 -0.002268 -0.001896 -0.007233 -0.020446 0.014481 
 -0.015456 -0.010947 -0.005905 -0.007973 0.006835 0.021856 
 -0.012061 -0.020731 -0.016064 -0.007220 -0.003060 0.026482 
 -0.005526 0.003124 -0.013866 -0.006805 -0.016573 -0.000195 
 -0.004735 -0.002505 0.003937 -0.002664 -0.007878 0.001782 
 -0.010655 -0.003228 -0.008918 -0.006475 -0.006762 0.001665 
 -0.012256 -0.009279 -0.015552 -0.013974 0.004594 0.028929 
 -0.004097 0.001414 -0.002237 -0.008782 -0.007221 0.016036 
 -0.008388 -0.007247 0.000743 -0.005846 -0.018835 0.007037 
 -0.009709 0.000266 0.002243 0.010668 -0.005248 0.015697 
 0.001559 0.000117 -0.000732 0.006328 -0.001389 -0.000337 
 0.002743 0.015480 0.002010 -0.006655 -0.015410 0.000802 
 0.007051 0.001649 -0.006924 -0.001473 0.001067 -0.002242 
 -0.013252 -0.001466 -0.013691 -0.011374 -0.020229 -0.011918 
 -0.012276 -0.000674 -0.000061 0.000483 0.013117 0.004621 
 -0.003244 -0.002086 0.004694 0.009701 -0.003761 0.012609 
 -0.001293 0.002474 0.010821 0.005373 -0.008504 0.002929 
 0.003127 0.003409 0.001549 0.001815 -0.002946 -0.002058 
 0.003657 -0.001702 -0.009765 -0.004564 -0.009166 -0.014027 
 -0.006967 0.002188 -0.002662 -0.006380 -0.001179 -0.010545 
 -0.007164 -0.005867 0.009486 0.016112 0.011719 -0.013723 
 -0.006153 -0.007941 -0.000606 -0.003623 0.000306 -0.008878 
 -0.009746 -0.007080 -0.008044 -0.001233 0.009617 -0.012260 
 -0.001608 -0.003999 -0.005335 0.008320 0.009820 0.010736 
 0.005893 0.007630 0.000724 -0.006412 -0.003320 0.002875 
 -0.002958 -0.003602 0.008363 0.004992 0.000631 -0.000690 
 0.002948 0.005947 -0.001256 -0.000040 -0.005069 -0.006123 
 0.012534 -0.000093 -0.006354 -0.003715 0.002764 -0.003725 
 0.000611 -0.013444 0.001593 0.013430 0.024989 -0.001686 
 0.007056 0.003138 0.002495 -0.005377 0.008748 -0.004655 
 -0.000272 -0.007072 -0.015378 -0.018573 -0.005801 -0.006734 
 0.001510 -0.014577 -0.010254 0.001401 0.003977 -0.014424 
 -0.003109 -0.016064 -0.013828 -0.008297 -0.004092 -0.006001 
 -0.001068 0.002133 0.001703 0.001161 -0.003542 -0.005902 
 -0.005794 0.003761 -0.002319 -0.011072 -0.006875 -0.004488 
 0.006502 0.015556 0.003668 -0.005680 -0.002131 0.000167 
 0.007254 -0.001113 0.001224 0.008922 0.009612 -0.000277 
 0.010451 0.025695 0.003019 -0.003992 0.002121 -0.012847 
 0.004287 0.018069 -0.001556 -0.010028 -0.011669 -0.009179 
 -0.010091 -0.011228 -0.007426 -0.000341 0.005105 -0.007166 
 -0.013811 -0.014049 -0.012017 -0.004903 -0.004020 -0.009997 
 -0.007992 -0.008587 -0.004049 0.000987 0.000868 0.001127 
 0.006563 -0.006062 -0.002553 0.005110 0.008782 -0.001968 
 0.000940 0.002141 0.002923 -0.000427 0.000843 0.005802 
 0.003271 -0.000704 -0.004272 0.006905 0.014111 -0.003019 
 0.005382 0.003100 -0.011352 0.002058 -0.002805 -0.005532 
 -0.004776 0.015059 0.004184 -0.001752 -0.011064 -0.005936 
 -0.016485 -0.017329 -0.010582 -0.002858 0.006012 -0.001011 
 -0.011264 -0.009334 -0.009620 -0.003010 0.009024 0.008719 
 -0.002218 -0.013906 -0.007012 -0.006007 0.006750 0.005788 
 -0.002942 -0.006937 0.000702 -0.005348 0.010915 0.008643 
 0.004014 0.009746 0.001466 -0.011824 0.001548 0.003897 
 -0.011502 0.004567 -0.009416 -0.008809 -0.003053 -0.000096 
 -0.012780 0.003987 -0.012409 -0.008011 -0.008325 0.012893 
 -0.007754 0.014770 0.015479 0.004189 -0.010344 -0.004572 
 0.011407 0.003258 0.011357 0.019281 0.001995 0.005222 
 0.021863 0.009516 0.007263 0.025957 0.005616 0.003819 
 0.020553 0.009826 0.011695 0.016672 0.008193 0.005113 
 0.007307 0.013998 0.007822 0.020986 0.029559 0.024944 
 0.017904 0.023725 0.012255 0.021600 0.025452 0.033467 
 0.023452 0.014167 0.009682 0.002661 0.014809 0.030116 
 0.005247 0.003745 0.000018 0.003766 0.000081 0.012587 
 0.022715 0.005089 0.007126 0.017321 0.000221 0.014302 
 -0.001276 0.005438 -0.000089 -0.021613 -0.022545 -0.004061 
 0.004631 -0.002435 0.001164 -0.006543 -0.027499 0.022938 
 -0.011741 -0.017814 0.004298 0.007871 -0.000825 0.033589 
 -0.017142 -0.007433 -0.008646 0.000662 0.008578 0.034712 
 -0.010092 -0.005039 -0.012420 -0.000044 0.000681 0.014660 
 -0.009532 -0.001997 0.008806 -0.005348 -0.002008 0.020037 
 -0.011032 -0.006997 -0.011301 -0.009262 0.006033 0.010281 
 -0.013143 -0.001866 -0.005457 0.000503 -0.009406 0.027485 
 -0.010274 0.004018 0.007549 -0.015406 -0.016516 0.000219 
 -0.000877 -0.003807 0.001429 -0.003065 -0.016941 0.030687 
 -0.005193 -0.006391 0.000578 -0.002690 0.002706 0.033398 
 0.001933 -0.013380 -0.012370 -0.008184 -0.001381 0.032932 
 -0.013899 -0.010371 -0.018253 -0.009712 -0.014229 -0.005761 
 0.000923 -0.002554 -0.002384 -0.009986 -0.009608 0.003366 
 -0.003420 -0.000316 -0.008781 -0.012477 -0.010129 0.004940 
 -0.013361 -0.013682 -0.016824 -0.010536 0.005586 0.030926 
 0.001302 -0.002526 -0.007995 -0.016985 -0.011976 0.009609 
 -0.002728 -0.014872 -0.000261 -0.007454 -0.015157 0.015062 
 -0.010734 -0.005261 -0.000985 0.001262 0.000172 0.006851 
 0.000908 0.001778 0.005617 0.007545 -0.002569 -0.005204 
 0.001736 0.001051 -0.000050 0.003116 -0.002280 -0.005097 
 0.010009 0.004421 -0.004482 0.001559 0.015704 -0.000599 
 0.004293 0.004309 -0.016111 -0.010468 -0.015561 -0.011055 
 -0.006672 0.003744 -0.003671 0.011223 0.027358 0.015841 
 0.020325 0.024066 0.019406 0.010529 0.002083 0.025924 
 0.003440 0.000874 0.008602 0.007700 -0.006558 0.009821 
 0.001960 0.002424 -0.006985 -0.003445 -0.007937 -0.004960 
 0.012328 0.008069 0.005947 -0.002301 -0.012384 -0.019056 
 -0.001063 -0.009953 0.004066 0.000241 -0.004363 -0.014764 
 0.011412 0.006239 0.014338 0.008449 0.008872 -0.015072 
 -0.002180 0.000482 0.007719 0.013323 0.005649 -0.006604 
 -0.006925 -0.003285 -0.001136 0.011129 0.023168 0.000632 
 0.016992 0.017040 0.005250 0.020230 0.016301 0.010890 
 0.018565 0.004935 0.005325 -0.001104 -0.004933 -0.004252 
 0.005074 0.006951 0.020025 0.002646 -0.005156 -0.008914 
 0.011320 0.014860 0.005756 -0.005304 -0.012114 -0.014674 
 0.013815 0.000847 -0.003155 -0.004286 -0.002014 -0.001971 
 0.019087 -0.000264 -0.002507 0.011659 0.018119 -0.001432 
 0.002898 0.014991 0.010236 0.008116 0.021099 0.009308 
 -0.013462 -0.010248 -0.011918 -0.008810 0.001675 -0.002431 
 0.006871 0.002287 -0.011805 -0.000252 -0.002514 -0.027247 
 -0.003492 -0.000838 -0.010147 -0.003225 -0.001060 -0.012379 
 -0.001345 0.006723 0.003824 0.006411 -0.015466 -0.016563 
 -0.003956 0.008113 0.001398 -0.001203 -0.006283 0.005544 
 0.004786 0.005312 0.018714 0.007608 0.003428 0.012323 
 0.006169 0.008434 0.000697 0.005274 0.002235 -0.002369 
 -0.002852 0.023478 0.005584 -0.006604 -0.004594 -0.003012 
 -0.008328 0.008825 0.000835 0.000799 -0.012838 -0.008662 
 0.004838 -0.003789 -0.017699 -0.004862 -0.012241 -0.021277 
 -0.008577 -0.005817 0.003631 0.007379 -0.013203 -0.022373 
 -0.003178 -0.002279 0.005333 0.008282 -0.013428 -0.008695 
 0.008100 0.004495 0.000145 0.013315 0.007813 0.012034 
 -0.006277 0.004329 0.005878 -0.008253 -0.005560 0.018698 
 -0.002836 0.002649 -0.002348 0.000074 0.001631 0.012326 
 0.002208 -0.000345 -0.009220 -0.004327 -0.004342 0.014442 
 -0.010894 0.013138 0.003736 0.008901 -0.003449 -0.010259 
 -0.007379 -0.013571 -0.019294 -0.003996 -0.009232 -0.017095 
 -0.006284 0.001442 0.000804 0.013500 -0.001894 -0.004259 
 -0.005082 -0.007589 -0.001688 -0.007032 -0.007797 0.000629 
 -0.001776 0.003462 -0.007451 -0.006816 0.006639 0.013364 
 0.002224 0.006562 -0.000484 -0.008028 -0.007147 0.009961 
 -0.018557 -0.005253 -0.015760 -0.015514 -0.011953 0.023309 
 -0.012859 -0.009154 -0.013497 0.000164 -0.005028 0.027583 
 -0.008526 0.011818 0.015393 0.020462 0.003969 0.002057 
 0.008721 0.005607 -0.002627 0.004535 -0.013235 -0.016304 
 0.005666 0.005043 -0.000247 0.001694 -0.019216 0.001448 
 0.002670 0.000662 -0.003992 -0.000675 -0.012829 0.006922 
 0.005101 0.011961 0.002229 -0.004308 -0.004516 0.009056 
 0.002454 0.003608 -0.002836 -0.000832 -0.003626 0.009413 
 0.005818 0.003066 -0.002988 0.000328 0.004010 0.014396 
 0.000099 0.005598 -0.010837 -0.006439 -0.005591 0.003884 
 -0.005217 0.000984 -0.013749 -0.000617 -0.000900 0.006377 
 0.010890 0.008183 -0.006125 0.000859 -0.003345 -0.008663 
 0.003519 0.002942 0.002053 0.003798 -0.015607 -0.006901 
 0.000328 0.000171 -0.001472 0.003166 -0.011678 0.003277 
 0.006473 0.007068 -0.008956 -0.008082 -0.003327 0.015418 
 0.003170 0.004346 0.000243 -0.006245 -0.008816 0.006398 
 0.009651 0.008337 -0.005584 -0.005324 -0.009006 0.002595 
 -0.001546 0.002650 -0.007990 -0.003947 -0.006340 0.001249 
 -0.003036 0.007203 -0.001652 0.009360 0.006707 0.010679 
 0.002905 -0.002077 -0.000156 0.004419 -0.000375 0.001678 
 0.004561 -0.003551 0.004733 0.008184 -0.000875 0.006906 
 -0.004997 -0.008634 0.007027 0.008799 0.004000 0.004318 
 0.003069 -0.000656 0.002474 0.009315 0.011272 0.010695 
 -0.005880 -0.005081 -0.002154 -0.001742 0.008583 0.008958 
 0.000433 0.000037 0.001725 0.001645 0.007670 0.011755 
 -0.005921 0.002227 -0.006156 -0.008516 0.001398 0.003060 
 -0.010485 -0.002480 0.000708 -0.005403 0.000751 0.000425 
 0.002892 -0.000905 0.002744 0.000212 -0.006281 0.016795 
 -0.004308 -0.004720 0.003802 0.005119 0.005153 0.011762 
 -0.000441 -0.009103 0.003982 0.008538 0.008475 0.005677 
 0.000327 0.000154 -0.001274 0.002558 0.006340 0.010926 
 -0.000683 -0.004345 0.000294 0.004112 0.005583 0.003775 
 0.005987 0.001235 0.003108 -0.001347 0.005627 -0.002599 
 -0.010398 -0.000737 -0.005001 -0.002611 0.002694 -0.000803 
 -0.010329 0.001114 0.007346 0.011713 0.013055 0.009516 
 